,noun,adj,propn,adv,intj,cconj,sconj,adp,det,num,punct,symbol,particle,pron,abbr,TTR,avg_word_len,avr_sent_len,hapax_legomena,coref,see_pron,see_det,1st_pron,2nd_pron,3rd_pron,active_voice,passive_voice,1st_prs_verb,2nd_prs_verb,3rd_prs_verb,core_verb,verbtype_ratio,da_inf,gerund,supine,verb_particle,pres_tense,past_tense,ind_mood,cond_mood,imp_mood,quot_mood,neg_polarity,nom_case,gen_case,part_case,ill_case,ine_case,ela_case,alla_case,ade_case,abl_case,tra_case,ter_case,ess_case,abe_case,com_case,nsubj,nsubj_cop,modal,acl:relc,csubj,csubj_cop,obj,ccomp,xcomp,obl,nmod,appos,nummod,amod,advcl,voc,cop,conj,cc
noun,1.0,0.6469903791462631,0.3155215583750662,-0.7069440864169797,-0.12622767491595993,-0.1397000197748453,-0.15879800041084677,0.5119394484947715,0.11290361513067158,0.5041294286105599,-0.5051421619025213,0.39547957338055434,0.5171294852818362,-0.8240649962178628,0.613472534212814,0.37773563279325895,0.7947084271897005,0.6083936351932713,0.24644769818702134,-0.8554980218079001,-0.3062046323655483,0.26690547614568216,-0.6092328869044981,-0.3386283290144823,-0.3233118191751245,-0.6039195235789613,0.5545450361320857,-0.5705015052816771,-0.4418600841740579,-0.019747315593407505,-0.47313265231019946,-0.3606287614726716,0.004195351907015653,0.2165394173225593,-0.2866964871151654,0.4356031523951641,-0.06143230380692682,-0.09937643919500846,-0.5892576135968272,0.21281081374679137,-0.2824012043613889,0.46210050215943765,-0.010319638872967125,-0.26754474548195867,0.6842006428355909,0.31970538923244557,-0.2619380962938741,0.7128786346177806,0.32425248397057105,-0.19874264808346104,0.3000324868172191,0.29920431941470704,0.3032343914263139,0.4442226284706917,0.5426889559272929,0.12926101421973274,0.021203641546755997,-0.4216209175720202,-0.13857773881758934,-0.14420459093876375,0.05105819044725094,0.12689466251250023,0.4051968713647572,0.2657184647092845,-0.2577824152009788,-0.27885230479360495,0.33283672340802517,0.7996468268086744,0.19266374610945464,0.5178147644372045,0.5499067301043808,0.1013183376672639,0.4057219739767002,-0.054743349179655634,0.057832906420317645,-0.1397000197748453
adj,0.6469903791462631,1.0,0.33794017697167794,-0.27391738645347197,0.01682479933686758,-0.04547595000736834,-0.26634616637246045,0.11014822935547496,-0.07332249263902386,0.08077464541628966,-0.4184847861814705,0.6178754242979153,0.47726146239916206,-0.6295945654392048,0.25935431154490823,0.4523461317144273,0.7617149324947118,0.3377109634621913,0.44473176739590636,-0.6199557489590508,-0.24537500630830156,0.10016053758455966,-0.5357561843439563,-0.31254588481998224,-0.1255085103584133,-0.33968524037229214,0.587039219787631,-0.41052798412543673,-0.37083489152660704,0.262721525702924,-0.4156185771603825,-0.33000120432502156,0.03805084054650652,0.1539230975099737,-0.32162848080600276,0.6742536278401122,0.02692976093981935,0.06296871354468785,-0.4209772750570786,0.11884050754133949,-0.26172918224632963,0.3405459456860745,-0.27874710866637054,-0.17193677649558498,0.5954917268837244,-0.007703315318982709,-0.2864243208041137,0.3891076748441822,0.5718812122921437,-0.22943658546344262,0.23946697313453383,0.46942850344307807,0.41476255412362134,0.3524139335876513,0.14557290423312347,0.18853000703542683,0.19026124286918006,-0.21883592923454606,-0.23464631051354687,-0.1724493174704813,0.14746417578131032,0.003732522078281015,0.5329531519786022,0.2074155932795345,-0.11123176610523432,-0.2685330418067897,0.3842457495543054,0.4621706718822312,0.36856214884249744,0.06002457937116533,0.79002260335132,-0.23209765895665224,0.3562852225838624,-0.13650010732074755,0.034036107503163715,-0.04547595000736834
propn,0.3155215583750662,0.33794017697167794,1.0,-0.36983999464094275,0.07200001245165843,-0.20280595858675332,-0.21765436519401946,0.30468554982103235,-0.060608635614776495,0.12775332279432866,-0.4633263647272448,0.22803729182238952,0.3055323142003585,-0.29275851012392407,0.39444389618562625,0.3156751303745026,0.5743589641710688,0.409241182770312,0.34226513163597005,-0.21633164411613912,-0.2557280493969978,0.033889279550431306,-0.04999518280458615,-0.43176906560652767,0.03499767850211342,-0.15095706927461472,0.10846414600750473,-0.06788865749966255,-0.3919643548228275,0.19376080287885714,-0.25104012353757943,-0.17468321492349384,-0.23888863058260598,-0.1514083597751061,-0.12773019286383733,0.3668020006133804,-0.3423951008270306,0.31825930766453214,-0.23630027784060112,-0.1796961289982719,-0.17037254198405222,0.09963786438453137,-0.470867821853522,-0.1666908611791944,0.7899267279982762,-0.23482275807856634,-0.04322044134996408,0.18543456896247712,0.1643661280585925,0.13218358862205742,0.14728953478434664,-0.060263155260286735,0.6289214852740341,0.07807292353468838,0.20947699938053832,0.19183901086957805,0.1325445267974047,0.20696926082444944,-0.5294753862879319,-0.05968005858868159,0.3069960421810405,0.17911236150693927,0.08335637185962745,0.05702060467672111,-0.3069594668287172,-0.18562886694788772,0.3256476948823321,0.6853920089804679,0.3330130219469463,0.13282162910804357,0.47557840307819627,-0.20581974663392952,0.23751231072980783,-0.41984389815919054,-0.046544004173184675,-0.20280595858675332
adv,-0.7069440864169797,-0.27391738645347197,-0.36983999464094275,1.0,-0.00360919522510685,0.21034038772748795,-0.04223584094309713,-0.38810361587806746,-0.08724441550967109,-0.36296145941738833,0.2466464904326854,-0.08501584528223324,-0.29241595971639417,0.35645150273463966,-0.43138722507241156,-0.007611214003801893,-0.5874237119595705,-0.6093840138056229,0.12571144907067922,0.4044073630710244,0.3032911270867879,-0.1802753283914665,0.23640100991121243,0.2640223232348555,0.06591443360157803,0.2248425946662598,-0.4568060175877902,0.23274748781488908,0.20579405739622603,-0.07037797441161514,0.454534807698885,0.20268507369207056,0.17932208175149814,-0.27180423997190517,-0.0684310211590141,-0.26127072927689104,0.015781019431510564,-0.022353632993696873,0.2562930225824893,-0.1619400185569459,-0.03593109656846661,-0.316148167454175,0.2575499802209047,0.3357127362947309,-0.5974362600288282,-0.3511578968306,-0.010481277541572737,-0.5861221488075455,-0.07330453632771163,-0.20139206891301514,-0.11108859863597881,-0.2501560010473765,-0.2797777136504933,-0.20961128233835466,-0.3375382966804441,-0.022252102846120433,-0.05642885516326071,0.015981595035519196,0.30675088154980584,0.1530103618415315,-0.243838242874396,-0.06722057920660254,-0.0717076871053266,-0.3912298278598982,0.20742733049562476,0.25417775376974533,-0.3877647725281079,-0.7024282322549253,0.0566978411407386,-0.4065763927866916,-0.18735080786650482,-0.31476265586165303,-0.2938200586219035,0.31007024869506605,0.04177555693151721,0.21034038772748795
intj,-0.12622767491595993,0.01682479933686758,0.07200001245165843,-0.00360919522510685,1.0,-0.029729987218720565,-0.2247009456062741,-0.00798009102391552,-0.21843088270777922,0.13905910765111487,0.32190815090334585,0.30088443198928416,0.3838496925720745,0.19758178504194385,0.0973573380428023,-0.10716596776387227,-0.105774890115877,-0.052554894194704875,0.0030945570803802853,0.44246464145937375,0.08360053376193143,-0.10307231067787113,0.38378277777207037,0.2973240133775047,0.3279751782569594,0.1429374289079471,0.06115337719275013,0.2575937366547115,0.3132472518791871,0.1382207011449653,-0.13556655058528802,0.47642260081018556,-0.07778518384977187,0.1546154945407158,-0.13240829921398914,0.11289636460983556,-0.04649031096181566,0.2619961733703085,0.18311676844137342,-0.07499833321845509,0.6539461807497793,0.37217494042606464,-0.09093349335168346,-0.0281871150818479,-0.14265096935052213,0.006731132931050778,-0.06025572996979595,0.06807414981008748,0.3228762407475213,-0.26204643788246834,0.20261686405912643,0.1996666582161016,0.08135529647929213,0.25449575378572553,0.09342177871175845,0.23999925605327238,0.2738114619669788,0.2455712107426369,-0.03729093444987523,-0.07779040265888114,0.03566496248019237,0.0763461626161386,0.14620815914749882,0.22475645136707523,-0.17504773009645325,0.1856732986338964,0.05258655444087285,-0.057490680682666905,0.27589139575540333,0.13091525687073263,-0.10280159260471704,-0.1714973356239987,0.5093662432656778,-0.01616761621826892,-0.09226518987023287,-0.029729987218720565
cconj,-0.1397000197748453,-0.04547595000736834,-0.20280595858675332,0.21034038772748795,-0.029729987218720565,1.0,-0.38677600332204365,-0.3396891879308923,0.21614060999695817,-0.4632488362207911,0.30211520002276016,-0.421169030921738,-0.2687423405930363,-0.0020553813230093387,-0.06087039565182901,-0.13793119396493203,-0.13246707620504217,-0.5230595834344551,-0.08233132599323571,0.04825125740342928,-0.05871609486592632,0.13418164084226536,0.11837876820388615,0.15918512609209665,-0.24220140541959104,-0.09313423118660125,-0.31183793491929096,0.17060018461039186,0.13106258238178478,-0.12566240796824837,-0.22983006439572432,0.2738616789945855,-0.06636452372784002,-0.017178110877055452,-0.2285289598433036,-0.3226637239615185,0.07970696146947508,-0.2501359304468192,0.105829222551103,-0.3365929143722392,-0.05257842592098536,-0.10713851808517819,0.11671696459651555,0.29962940423550777,-0.20799260902902203,0.10028517560363952,-0.289116356295562,-0.06966681896008352,-0.21261646433342893,-0.17133803032999065,-0.12687355765244793,-0.30535030601889185,-0.05647059736371482,-0.03549878569103555,-0.4393836056716724,-0.22938509305987248,0.07715289215978656,-0.2101307501832808,0.26499432084271457,-0.43037887235118294,-0.2279938849320431,0.006973141512792671,-0.32575468809554886,-0.13560850836225222,0.875453691423741,0.05298510534960765,-0.4531959278801129,-0.24347268254330914,-0.11920647622463365,-0.465109967064638,0.0029894013360136588,-0.2763785183935989,-0.2625322120237775,0.2459433426622573,0.6614959530501251,1.0
sconj,-0.15879800041084677,-0.26634616637246045,-0.21765436519401946,-0.04223584094309713,-0.2247009456062741,-0.38677600332204365,1.0,-0.14792287914504035,-0.0909561102696921,0.05164226867873817,-0.12597660340285982,-0.03570902197709466,-0.014868856964424063,0.3289630925443972,-0.220029958110494,0.019343769493869914,-0.1739462373256525,0.31744635890852163,-0.040319781002722634,0.1550596216987733,0.2887862463150804,-0.13472397422349228,0.0024144267728635517,-0.16931609448752824,0.3536403875890462,0.20619578675825942,-0.023631780064002992,-0.08169871515353166,0.1009080541028994,0.08054007066836762,0.1179104659836264,-0.12032406432731445,0.2018059416325116,0.07530544998509714,0.40072660508753133,-0.1823820593802502,0.2312756153590168,-0.18091494753004606,0.10876784680002438,0.510274631067372,-0.04056759302531456,-0.04763809857587896,0.10297628720821718,-0.12798099389892947,-0.18922780735320285,0.2834276591339019,0.5134419238958314,-0.35074890834416145,-0.1468811906665049,0.20709085523677714,-0.012950526949382164,0.19752390657096405,-0.19247238807719425,-0.010218434031465868,0.1154054954791846,0.057458984284725394,-0.014756088764958064,0.38044314856824196,-0.13404258680783188,0.16343123945915525,0.10785322471682837,0.01788869082420841,-0.07785409643450605,0.29764619563523365,-0.13096912866438795,0.08986238404863661,0.02994890310489722,-0.15664527932490982,-0.12642909846014885,0.10350143369572944,-0.19288177411022106,0.6462617386124608,-0.07038808973816472,-0.3001765431102178,-0.5824525201578565,-0.38677600332204365
adp,0.5119394484947715,0.11014822935547496,0.30468554982103235,-0.38810361587806746,-0.00798009102391552,-0.3396891879308923,-0.14792287914504035,1.0,-0.0964916348800119,0.7890202076007709,-0.4450231025146736,0.23806886868754526,0.28011822891657884,-0.4030821699107849,0.5828829851270992,0.22547268342373206,0.2465137460078185,0.5136662039366635,0.13409489096587202,-0.3470189549831232,-0.29492262637419997,0.12262167011003614,-0.12079392883976164,-0.12075084386387537,-0.12453934212080858,-0.5326255064600617,0.21406875967031988,0.027088239000892876,-0.2863471782335214,-0.4761440400968715,-0.23386872709047307,-0.2445848998350853,-0.08753042452062697,-0.10915709276326369,-0.27992566011216463,0.2288481673518856,-0.37676316984681546,0.1111297260240375,-0.5849881975416236,0.2155293492070487,-0.1728281818269747,0.14564309736893472,-0.12870241628736417,-0.6442865436119848,0.5055950371706538,0.2708992005871505,-0.30969478826244784,0.45441978099000285,0.11531853799062881,0.014738057568180855,0.42237886594730195,0.06343008231570757,0.028749394121943234,0.14364153811123817,0.6480364308431538,0.06253521048732875,-0.17576779636380557,-0.42971912168430243,-0.3285324679385547,-0.020160971912948383,0.030727024925514424,0.21289676438153135,0.12638046823502916,0.079389816482729,-0.41262133754918146,-0.3343211045447009,0.35943382324775064,0.585347465508154,0.057806790766111574,0.8357200431395618,0.21580122377280012,0.025297804385050974,0.21596674949127742,-0.2799391668865945,-0.03323367042922976,-0.3396891879308923
det,0.11290361513067158,-0.07332249263902386,-0.060608635614776495,-0.08724441550967109,-0.21843088270777922,0.21614060999695817,-0.0909561102696921,-0.0964916348800119,1.0,-0.2775500834993333,-0.14752374489181833,-0.1052979696007904,0.08815125779794666,-0.018599252438375114,-0.38178990116177536,0.2409912988462298,0.02059311517003152,-0.16122460931598923,0.1492298389982693,-0.2691402731638617,0.23588957908823766,0.6464037876498823,-0.03430295517057209,-0.1918443277499475,-0.20454356151997796,0.0743723856362597,0.0139911669465245,-0.07905323792263773,-0.2276825395029781,0.21152932882065834,0.12731924124059643,-0.08555314321828333,-0.09935569230258258,0.24849641778761394,-0.00866171226349569,-0.010510911778973071,0.03976654431948814,0.03942004375175713,0.17639844758200093,-0.1524073457773789,-0.12532872829017064,0.2647161019023874,0.09845517288090913,0.38576727191709775,-0.012094986054660837,-0.1034290968693215,-0.022465498069480994,0.20528204571398517,0.049217731972270945,0.12300787095421686,0.11130917051281539,-0.12593159853263394,0.27580951646681917,0.20503799167356793,-0.20292548711407693,0.02122212697483576,0.1665280303754357,-0.11486046250858074,0.27988416975721103,0.09892422634063755,-0.00789458959911601,0.11738845717232235,-0.1464227219710941,-0.04923175097558204,0.07914275622152218,0.44388792207324085,0.034939175913406534,-0.0802280290447867,0.006057650997781909,-0.2822471526369418,-0.08150518161767498,0.1503838644348972,0.05648042963758656,0.27453314779569715,0.16978774182311465,0.21614060999695817
num,0.5041294286105599,0.08077464541628966,0.12775332279432866,-0.36296145941738833,0.13905910765111487,-0.4632488362207911,0.05164226867873817,0.7890202076007709,-0.2775500834993333,1.0,-0.31694122711158734,0.27688308652994165,0.3097783179151936,-0.40917988978666014,0.6049589949999227,0.13925207480875074,0.2249280003238533,0.6145837037009539,0.01762259706582952,-0.2980696594120305,-0.24054912518826732,-0.11519152684120895,-0.19586737414899913,-0.03513652371179606,-0.0695027914679123,-0.5654607994852254,0.29149103295692574,-0.1925590634858709,-0.09396750030279503,-0.37776019407184475,-0.3151609712139332,-0.12383522212398798,0.050919179017723255,-0.08937145923013705,-0.2970361262094723,0.17609505487021637,-0.3081129508652903,0.05488031182316589,-0.5509831409456883,0.22739157883555233,0.03082513178380785,0.20107252266991113,-0.013086376880839723,-0.6374779753380633,0.32078765811398524,0.3702362976792802,-0.18789116128990002,0.31525661512536407,0.18922933653906016,-0.17453248918521133,0.42090458985440693,0.18219556046685587,0.027444450802934464,0.1717062147995359,0.7253560539261659,0.08611553190665074,-0.289371122162422,-0.3653963441112389,-0.267330647267808,-0.029578871472602044,-0.01965592608836791,0.17906252132933312,0.2722776934064438,0.08095217343582313,-0.5267249616423757,-0.23221500860494523,0.32985364965294717,0.5365218529353878,0.0035089725290378014,0.9725733454090878,0.04862756499442565,0.029965367976128598,0.29814360285971836,-0.22693885671302721,-0.21460430467639038,-0.4632488362207911
punct,-0.5051421619025213,-0.4184847861814705,-0.4633263647272448,0.2466464904326854,0.32190815090334585,0.30211520002276016,-0.12597660340285982,-0.4450231025146736,-0.14752374489181833,-0.31694122711158734,1.0,-0.4303718789563202,-0.3734783335061633,0.3359458810015025,-0.2910188557640308,-0.7633433288065778,-0.6512213214058535,-0.42548009684774724,-0.5114708545609223,0.5332216342844011,0.11577517673442034,-0.03472160734214394,0.3122068230992009,0.35683437059694256,0.11103130831269035,0.30684711091828004,-0.4744368379832636,0.33457486895712174,0.48426280872660715,-0.07384881106615394,0.13878251690778298,0.7039534684498013,-0.27810717765507786,-0.1672292685268002,0.032633138692795036,-0.4565017419474583,0.2639036944288406,-0.2426648990798782,0.3827746187993708,-0.17372527909604815,0.48303502668382653,-0.30005805924557666,0.1969990227923365,0.44539405587832664,-0.6532136226404001,-0.21503858937819623,-0.08298799320721277,-0.23236325397816532,-0.19137836670655795,-0.1264056093310263,-0.4285960663353007,-0.2028300800353896,-0.48208561804203937,-0.33288730781053866,-0.25446534812953364,-0.11440730999917849,0.06997144567922643,0.08821589209093406,0.5083467926881863,-0.19398949202355423,-0.32546510776792265,-0.22598583272110168,-0.37391051578660184,-0.38317874728898776,0.3514170347464498,-0.039132668411088645,-0.5469534862133439,-0.5505349518041273,-0.0934711381268891,-0.3638830802519185,-0.5676538196251588,-0.16529013223947672,-0.21640503982397402,0.498584806557505,0.28381043978041615,0.30211520002276016
symbol,0.39547957338055434,0.6178754242979153,0.22803729182238952,-0.08501584528223324,0.30088443198928416,-0.421169030921738,-0.03570902197709466,0.23806886868754526,-0.1052979696007904,0.27688308652994165,-0.4303718789563202,1.0,0.7371281245854636,-0.2923496994483654,0.16474050666077034,0.5091844312462107,0.44843430875143525,0.3475128444589254,0.4567734906182009,-0.30674701649334374,0.05822104952251446,-0.010491445550394891,-0.30539071061166084,-0.13948667447782032,0.19731709540370188,-0.18149790478990835,0.5126562797054898,-0.2905589521782285,-0.19057354535576143,0.24815716901987095,-0.04638301236374863,-0.2545867581628473,0.3280432904978486,0.36147312687361005,-0.21121033194827815,0.5545160727846609,0.1444485185419485,0.03476826379202171,-0.16121006238346083,0.05636925076380993,0.03495855225002105,0.5693102585353779,0.034466246056730925,-0.26627198667907404,0.4126990670113813,0.025751546272635477,-0.13931708729552467,0.3297759163206252,0.5903126780277818,-0.19567675626215073,0.28731413853583454,0.5835804497781967,0.2804462328762688,0.555273324424301,0.24516202231471224,0.446294698723928,0.033901567689076345,-0.09191638631491966,-0.11367131733227774,0.2008500575465983,0.23176887861598677,0.23426352071841527,0.7660990929684032,0.35909995355879337,-0.48478327869703325,0.10491829136397203,0.3210390432282597,0.3503242963434315,0.46968209357441065,0.2985046104122446,0.4210212500725703,0.14583448971013527,0.6860610969406667,-0.0363207389891872,-0.3355068528340971,-0.42116903092173796
particle,0.5171294852818362,0.47726146239916206,0.3055323142003585,-0.29241595971639417,0.3838496925720745,-0.2687423405930363,-0.014868856964424063,0.28011822891657884,0.08815125779794666,0.3097783179151936,-0.3734783335061633,0.7371281245854636,1.0,-0.2963864818196086,0.20658230311844294,0.5676730738000312,0.4720753956761989,0.3447504512823165,0.5034042253926735,-0.356659436625894,0.27750144612855376,0.17804889332605975,-0.3408447335862373,-0.19737286580294483,0.20950216332933078,-0.05326304995979401,0.46737371379333714,-0.295565487291549,-0.24426523287799393,0.3577230800389387,-0.028630692778036308,-0.2040747751387389,0.23964944132834531,0.5149996678377453,-0.082294762172934,0.5661564955915814,0.27334762597176127,-0.02329981659371504,-0.05628518939178779,0.12756106132194112,0.030192328019571127,0.8672366513215763,0.10852329551423735,-0.1350952836414856,0.3612552488681159,0.2290960141028577,-0.013846514350655719,0.39466022575751625,0.5324780195797718,-0.29853928031249377,0.4948755126791931,0.6087133056892954,0.49611399201015544,0.7939971441990092,0.45434105131294433,0.7212961897732036,0.44544635643628044,0.003293343460628366,-0.12183747561051438,0.26011217507996276,0.3084830743960258,0.5152358213790033,0.6215811613563769,0.5318091120997163,-0.42263613605967126,0.22011145878913,0.32211155665839164,0.39541993772866046,0.6381892304785403,0.3514023582084112,0.3745616631073909,0.23177178276690033,0.9159905415985928,-0.019295273406054792,-0.16541364718598825,-0.2687423405930363
pron,-0.8240649962178628,-0.6295945654392048,-0.29275851012392407,0.35645150273463966,0.19758178504194385,-0.0020553813230093387,0.3289630925443972,-0.4030821699107849,-0.018599252438375114,-0.40917988978666014,0.3359458810015025,-0.2923496994483654,-0.2963864818196086,1.0,-0.5568493922029039,-0.3291194441799921,-0.6507312620535642,-0.42453793041041865,-0.37435220121746504,0.8954291203224769,0.4466290509532118,-0.2588394774973134,0.6706382082166757,0.36451994692144235,0.4630741985320503,0.6165797617455675,-0.24322409945921528,0.5985370444591436,0.4417237639237551,0.0801303143422764,0.35766586752166524,0.3010095420515508,-0.06614078896891949,0.04754295431991145,0.3776864306779814,-0.30968561714982523,0.19766664456387428,0.09966403560441241,0.6414614299488114,-0.10639981769440582,0.3428958169815717,-0.12332872023719522,-0.11608514498982918,0.0375884080473287,-0.5047098822913404,-0.11377416863204788,0.3458956217440877,-0.4936421702837886,-0.21709234937895985,0.3137989822975934,-0.09682463295090922,-0.09697196734093734,-0.1251157880922426,-0.34270619200793606,-0.470936016922405,-0.07301365517400867,0.1282669687202856,0.5090287256895514,0.06602301179401764,0.12190227754162448,0.24121077572121685,-0.16149356368681583,-0.35857799001174706,0.1315690677216049,0.10559370165216493,0.43277181847836005,-0.10436908717080012,-0.6067195653248774,-0.24241165554208957,-0.3813160323278568,-0.5910302196089916,0.1594736417394802,-0.16260564765830623,-0.07720424074485183,-0.2829008458960591,-0.0020553813230094363
abbr,0.613472534212814,0.25935431154490823,0.39444389618562625,-0.43138722507241156,0.0973573380428023,-0.06087039565182901,-0.220029958110494,0.5828829851270992,-0.38178990116177536,0.6049589949999227,-0.2910188557640308,0.16474050666077034,0.20658230311844294,-0.5568493922029039,1.0,0.012816341092634204,0.5180830581273707,0.49117142032164157,-0.023239930378584347,-0.362037613378976,-0.3932077383864299,-0.17478522477108563,-0.19227260161277332,-0.06417002960474202,-0.25834539798020406,-0.6498397952106852,0.23471395727727754,-0.3178674955144559,-0.1342967660741918,-0.4332857748522812,-0.4660924804364114,-0.19714128549270687,-0.003325152818209949,-0.181174588202272,-0.32723077766800457,0.22410855297295648,-0.20755577084662172,-0.14271908877935122,-0.7021209827203426,0.11802684340225586,-0.09880313972738466,0.10455563082033414,-0.05687798370461295,-0.37377343395901685,0.5461121033902642,0.27849963117754617,-0.30146595810625126,0.5180960914897924,0.01453761701835559,-0.37435565636382867,0.10181797395243604,0.03896776610179848,0.026600862617092425,0.07161158570161968,0.5188390646841505,0.012026598141602222,-0.23865550467075988,-0.317984776999042,-0.24554369006864651,-0.18897722539837578,-0.15315123272945277,-0.014461253875663292,0.1811253524457766,0.12724587384732225,-0.1498492959335533,-0.5065023914931922,-0.011753317576059928,0.7604044351960724,0.058779165748213,0.6406141897497987,0.2368498243774047,-0.19230478765495837,0.17283342318833542,-0.18096120921084793,0.11325075296920134,-0.06087039565182891
TTR,0.37773563279325895,0.4523461317144273,0.3156751303745026,-0.007611214003801893,-0.10716596776387227,-0.13793119396493203,0.019343769493869914,0.22547268342373206,0.2409912988462298,0.13925207480875074,-0.7633433288065778,0.5091844312462107,0.5676730738000312,-0.3291194441799921,0.012816341092634204,1.0,0.48342488575985826,0.1349604914042414,0.8717320093683023,-0.5002063849484163,-0.03372103888050817,0.2068708996549166,-0.3392165145676887,-0.169196167188847,0.07833618482959631,-0.012967586023982035,0.2645069282712971,-0.18053347773179615,-0.30163532867167453,0.29705657342398395,-0.041314722495762596,-0.4054417234310458,0.28774655751315975,0.20345139589932273,-0.07581111565446483,0.4372077055821001,-0.15639967152656642,0.3221296967839716,-0.02390585347577588,-0.034950162775954356,-0.2740227950768498,0.4260395761288169,0.02516374226969596,-0.1832249538635068,0.38113439487766226,0.15889167491977133,0.02718495326645793,-0.011183700563507077,0.40594756418242184,0.030352271642843084,0.6025873440088986,0.2641357141148206,0.5410016865087743,0.5683457581175309,0.08849978890633459,0.39523443297763583,0.1952664947030233,0.009048813823980368,-0.3324713842237695,0.23351266636179,0.27769285042457387,0.3270850256383293,0.46199729048189897,0.3369367758757223,-0.23713884314792907,0.219550210313737,0.5275097687981266,0.2572773858970443,0.31627896012105194,0.15281157073983365,0.6118916552684258,0.12557089979796834,0.4127603339199336,-0.307417373070326,-0.157439758509297,-0.1379311939649317
avg_word_len,0.7947084271897005,0.7617149324947118,0.5743589641710688,-0.5874237119595705,-0.105774890115877,-0.13246707620504217,-0.1739462373256525,0.2465137460078185,0.02059311517003152,0.2249280003238533,-0.6512213214058535,0.44843430875143525,0.4720753956761989,-0.6507312620535642,0.5180830581273707,0.48342488575985826,1.0,0.4681622256064737,0.35607698973925567,-0.6843953842154857,-0.24452779842978437,-0.02706934649922313,-0.557316611565375,-0.4234689489703045,-0.2554533785488045,-0.3586779421639384,0.5989632385094674,-0.5601339326410635,-0.4931092889604591,0.2665366696447379,-0.4406230737348796,-0.510194922386906,0.11529722515105979,0.24666376194686648,-0.18963559298802313,0.6030995312895933,0.001890925758728078,0.03810981147531191,-0.4313725294352251,0.1376917147697237,-0.34760111960527273,0.4151964465714022,-0.2443472977949371,-0.2038324130199393,0.8001689882693798,0.16832569613631884,-0.11144651621322255,0.5140782948547435,0.24313449817270835,-0.12908316115792687,0.14212519916153193,0.3014243273712726,0.6022902933212859,0.40672936244924224,0.25768593394849265,0.13507245399909648,0.0850165572313916,-0.10200022650717752,-0.39080072039999075,-0.03921122030491699,0.2379905049181379,0.14241023114706328,0.4308979015947172,0.3974539838163679,-0.20154310213909918,-0.255043951774132,0.37073887587975457,0.77718106325908,0.19742104144234124,0.24588966863966202,0.6567611645745294,-0.07264491952725394,0.3461682229543755,-0.3092415095877632,-0.03290522381232929,-0.13246707620504217
avr_sent_len,0.6083936351932713,0.3377109634621913,0.409241182770312,-0.6093840138056229,-0.052554894194704875,-0.5230595834344551,0.31744635890852163,0.5136662039366635,-0.16122460931598923,0.6145837037009539,-0.42548009684774724,0.3475128444589254,0.3447504512823165,-0.42453793041041865,0.49117142032164157,0.1349604914042414,0.4681622256064737,1.0,0.05164734658115873,-0.40922090351199986,-0.20245240764754383,0.04571098553929632,-0.22315392517841087,-0.3419513945497272,-0.029366979494759016,-0.450457546881328,0.427758998190454,-0.33525448343022696,-0.35479071594603073,-0.07960800041116631,-0.3364239395993199,-0.30994378684495416,-0.007404745997834233,-0.020862915754000632,-0.06795938810176119,0.3558612173772572,-0.2481963830443989,0.09055850186688646,-0.5674506228192192,0.35609512343744454,-0.1919527686629366,0.13971174252515692,-0.16315455838319784,-0.4669833845723429,0.6204419167884411,0.07401450641914303,0.09699937430389989,0.3272717327032063,0.2862481453368056,0.05955146032904038,0.12093958375948759,0.34633333017459716,0.14556279443838482,0.12155097624414488,0.6347595353463029,0.032307535380968935,-0.20524647693247514,-0.03203466720870772,-0.3803224196075687,-0.045042311650140804,0.06101819569250766,0.1399125618803235,0.2619978897021692,0.11943779351686151,-0.5084923933911382,-0.361380113709219,0.37024799504372125,0.6830810993273779,0.1102069919024114,0.6307777695014627,0.25154886032979556,0.23519157615974173,0.30764565353438866,-0.3377307719762808,-0.23922019667730554,-0.5230595834344552
hapax_legomena,0.24644769818702134,0.44473176739590636,0.34226513163597005,0.12571144907067922,0.0030945570803802853,-0.08233132599323571,-0.040319781002722634,0.13409489096587202,0.1492298389982693,0.01762259706582952,-0.5114708545609223,0.4567734906182009,0.5034042253926735,-0.37435220121746504,-0.023239930378584347,0.8717320093683023,0.35607698973925567,0.05164734658115873,1.0,-0.43682388765522334,-0.061520787240748054,0.21145759952058563,-0.29457653144870216,-0.18066082280377874,0.037979430475656294,0.058815738747460135,0.01406491649691324,-0.12610611264015534,-0.21764243398975774,0.30541918887281305,-0.06099091909848806,-0.22945365276061916,0.21151750489313303,0.0848549560820327,-0.1512529640062971,0.33606219598137443,-0.16772230649097672,0.3027014917454691,0.03635594295301216,-0.09990661335345388,-0.16501574697947652,0.2619712981345494,0.07180327049140008,0.05043370549693684,0.2523313205769665,-0.04270645191020262,-0.07717624215608615,-0.09579264311762559,0.3343222496648051,-0.0840031240110799,0.4777957590035578,0.1249417823457344,0.41079469275120994,0.552166108406081,0.13145832570776037,0.4338300852156606,0.308524339351495,0.12044109379610708,-0.2733008307308048,0.19072217289961663,0.12203932471739337,0.3608096622598881,0.35212668969164,0.15026359596487482,-0.13987802338468064,0.09082768590770006,0.3290310143583262,0.1166125203125593,0.4790005825751243,0.04269819961109657,0.6605037871357252,0.004198180503711268,0.35096209300468095,-0.2292339712351034,-0.01622807968276887,-0.08233132599323567
coref,-0.8554980218079001,-0.6199557489590508,-0.21633164411613912,0.4044073630710244,0.44246464145937375,0.04825125740342928,0.1550596216987733,-0.3470189549831232,-0.2691402731638617,-0.2980696594120305,0.5332216342844011,-0.30674701649334374,-0.356659436625894,0.8954291203224769,-0.362037613378976,-0.5002063849484163,-0.6843953842154857,-0.40922090351199986,-0.43682388765522334,1.0,0.29090045104936946,-0.3752586537531883,0.7439755579505709,0.4322271654961267,0.44845826144483714,0.4973904448675381,-0.34034399233566615,0.6417391218677808,0.5268407559974265,-0.06078263474955528,0.2499400012736213,0.49072620402659084,-0.1227469844418137,-0.16706997913034963,0.23463288972856783,-0.3455371631514716,0.08174445364465929,0.10733375244126946,0.5111909118973509,-0.14683693850261217,0.47941485698016667,-0.2623149596728238,-0.11136117149022479,0.04269841020381128,-0.5216314860545566,-0.18921351212217058,0.23105135683081518,-0.5055038606645458,-0.21767161279689934,0.15267984977088,-0.19705267207331545,-0.15959459980007304,-0.2476080323200359,-0.4021898595479368,-0.400936961682813,-0.1153275630563668,0.06611428428817827,0.45709641507433296,0.05156217211510624,0.007143583487860871,0.07877553973483815,-0.1658960111627624,-0.37132466077949566,-0.023552122631098744,0.11034224994861108,0.21184648844443937,-0.2299606399494848,-0.5525806217759255,-0.2621652482973991,-0.2951224895461377,-0.6262583824454228,-0.0563890713452932,-0.1902398127709189,-0.05157300789631749,-0.1791908276580654,0.04825125740342923
see_pron,-0.3062046323655483,-0.24537500630830156,-0.2557280493969978,0.3032911270867879,0.08360053376193143,-0.05871609486592632,0.2887862463150804,-0.29492262637419997,0.23588957908823766,-0.24054912518826732,0.11577517673442034,0.05822104952251446,0.27750144612855376,0.4466290509532118,-0.3932077383864299,-0.03372103888050817,-0.24452779842978437,-0.20245240764754383,-0.061520787240748054,0.29090045104936946,1.0,-0.1470791166356868,-0.003728612449973165,-0.018947620936727697,0.11021669307835645,0.34220802053696175,-0.05846674134496419,-0.020399938633427234,0.0161937859011723,0.39125243789761993,0.4422350616684008,0.019186220031582154,0.11372022836646557,0.47079516374642055,0.13862526507730902,-0.06744514218570533,0.46228527698764094,-0.2147021484295835,0.4172135090304564,0.05249506221018295,0.03720213658712284,0.47645189288943646,0.10018157863137572,0.24736833703714753,-0.3176153741446302,0.028759757277525992,0.23228845334707512,-0.06119095370446921,-0.15979240965461866,-0.15941224906569157,-0.05112995124391142,0.09352524288959403,0.08090297058351688,0.20442558017983464,0.08903961614950734,0.3312187944614502,0.4448861790967718,0.12790883681759624,0.3643886551229419,0.24676907167846635,0.032147564091158765,0.3083159953385114,0.10189924031550543,0.28809946630211103,-0.11189665040136641,0.4959192005909688,-0.32441037716804,-0.31124746816849186,0.11296882310762894,-0.178663791073488,-0.26845920203148244,0.28413133427311277,0.2734767936230271,0.3552722986516961,-0.14563882289445754,-0.058716094865926376
see_det,0.26690547614568216,0.10016053758455966,0.033889279550431306,-0.1802753283914665,-0.10307231067787113,0.13418164084226536,-0.13472397422349228,0.12262167011003614,0.6464037876498823,-0.11519152684120895,-0.03472160734214394,-0.010491445550394891,0.17804889332605975,-0.2588394774973134,-0.17478522477108563,0.2068708996549166,-0.02706934649922313,0.04571098553929632,0.21145759952058563,-0.3752586537531883,-0.1470791166356868,1.0,-0.04650888259870863,-0.16094890202590786,-0.1216857885189514,-0.06668101591967585,-0.040879995737065015,-0.05378398319580015,-0.299354868465854,-0.005746083396639401,0.08336769125878105,0.013626215363643461,-0.2534565641252895,0.0836399366197832,0.15165598427266974,0.01795914570496126,-0.15200708907562085,0.044559605497269464,-0.12508648551501572,0.025010235674742556,-0.11563285473993863,0.09173652944312902,0.13883496068614204,0.3028711631686907,0.07618663403304145,-0.0010554934110783326,0.07347709301225278,0.17295601177051795,0.32290638993315435,-0.006529751084765046,0.17729244635686933,0.02105174005903311,0.0003146310841022653,0.22628999274616182,-0.04612122669775869,0.0016260255611805878,0.18799704904523248,-0.16700255781313902,0.18794882164747248,0.05911888722213276,0.027268849919117166,0.03440120428466774,-0.010786849808769572,-0.1366873846316152,0.01612977082160858,0.06818339952806604,0.10446113447249071,0.027581459169646143,0.28891259904064515,-0.12939548811421717,0.13181725159666677,0.13081576205746764,0.17850530433601125,0.23012933543254652,0.1825942574858158,0.13418164084226547
1st_pron,-0.6092328869044981,-0.5357561843439563,-0.04999518280458615,0.23640100991121243,0.38378277777207037,0.11837876820388615,0.0024144267728635517,-0.12079392883976164,-0.03430295517057209,-0.19586737414899913,0.3122068230992009,-0.30539071061166084,-0.3408447335862373,0.6706382082166757,-0.19227260161277332,-0.3392165145676887,-0.557316611565375,-0.22315392517841087,-0.29457653144870216,0.7439755579505709,-0.003728612449973165,-0.04650888259870863,1.0,0.20453466261600556,0.11257754330185989,0.24508472827742708,-0.24531155257200343,0.7244270210122453,0.1641653612956311,-0.2780155995960275,0.04443273580754214,0.3856463566189733,-0.1909413501592228,-0.24055255390767621,0.14495312007951572,-0.2616287134868749,-0.3222855696027111,0.36328606110147404,0.29637925644174995,-0.27584226180820104,0.23411957372628642,-0.28577758249858093,-0.13010518536082347,0.02820647388191149,-0.29628933270392355,-0.2710866190447811,0.19528059042460633,-0.3575248092770461,-0.08399116634693171,0.20829010194346262,-0.10471016841615513,-0.26241661152365986,-0.1462476530614509,-0.39632161908448543,-0.3473420741307747,-0.34461447804663226,-0.0852453791595753,0.43631842703502977,-0.13515140017849112,-0.061119939758948666,0.23203416475453492,-0.19521080703609137,-0.31162018058194757,-0.15526044549727405,0.09134332105790124,0.17426028550026046,-0.06331720034107818,-0.3488714902541515,-0.14313574171797935,-0.21912576232371173,-0.4693272620125344,-0.22816035486764927,-0.25165948834353186,-0.12673238841428022,-0.06533646110474375,0.11837876820388618
2nd_pron,-0.3386283290144823,-0.31254588481998224,-0.43176906560652767,0.2640223232348555,0.2973240133775047,0.15918512609209665,-0.16931609448752824,-0.12075084386387537,-0.1918443277499475,-0.03513652371179606,0.35683437059694256,-0.13948667447782032,-0.19737286580294483,0.36451994692144235,-0.06417002960474202,-0.169196167188847,-0.4234689489703045,-0.3419513945497272,-0.18066082280377874,0.4322271654961267,-0.018947620936727697,-0.16094890202590786,0.20453466261600556,1.0,0.30261641894873653,0.21020653991791813,-0.1234878497122631,0.1998778298220795,0.7399071781419353,-0.18736549324068144,0.14041692445826068,0.3387511759571212,-0.10921707484319695,-0.08033370180900165,0.04573741779091672,-0.18949160938570236,0.0698612327248867,0.030759670587364705,0.26136906047219927,-0.2172720396213487,0.5830874466491385,-0.10984534845780383,0.183893920607345,-0.009751100966228015,-0.43539541106182733,-0.002827288404483351,-0.03332608101659364,-0.25239911113606445,0.04995448257000397,-0.10396079143547987,0.13804772264552367,-0.12034485355493066,-0.2531754057445972,-0.0883110000279711,-0.25481448500704373,-0.09337381920932014,-0.0567176445998415,0.07186357395323348,0.20839796389597134,0.06568744297309147,-0.3407117381584788,-0.30352590736044044,-0.22584289023499948,-0.009092451519077125,0.1568554244121639,0.06746354859988662,-0.14837441664070028,-0.3904227863052915,-0.22881588256333543,-0.01714463194668093,-0.2823330176773988,-0.009096870042017622,0.08440785986339702,0.05872715943870469,0.10185291986161694,0.15918512609209667
3rd_pron,-0.3233118191751245,-0.1255085103584133,0.03499767850211342,0.06591443360157803,0.3279751782569594,-0.24220140541959104,0.3536403875890462,-0.12453934212080858,-0.20454356151997796,-0.0695027914679123,0.11103130831269035,0.19731709540370188,0.20950216332933078,0.4630741985320503,-0.25834539798020406,0.07833618482959631,-0.2554533785488045,-0.029366979494759016,0.037979430475656294,0.44845826144483714,0.11021669307835645,-0.1216857885189514,0.11257754330185989,0.30261641894873653,1.0,0.4857605559189068,0.06448067347429122,0.33523499899812015,0.5692622481885415,0.1646095103405153,0.2462162482592318,0.2328617215225468,-0.07968277703950864,-0.07736137399211152,0.19088311975639344,0.18501827002923893,0.26990055366330207,0.13732322012227924,0.358127873358545,0.08251223733650263,0.5466147977558062,0.08215856429088535,-0.11594711871896578,-0.2803442067727279,-0.15908577370702087,0.056344159205403706,0.11292547218008978,-0.39087283080038315,0.37615076481725335,0.36431566921280556,0.23065879458924682,0.41532403309054805,0.03850195484710495,0.09041049512815659,-0.19758397724534457,0.4639101692505333,0.16671288221530828,0.29909338677727926,-0.19113010560598823,0.11827211448202407,0.0819946143307196,-0.016650995567161587,-0.007828425641926854,0.3407377986710164,-0.18021366811749442,0.11286405789703267,0.3266471583913843,-0.21764205996554314,0.04038306584722423,-0.06496395239758825,-0.18812534581676102,0.34272134379083913,0.27673137255238145,-0.3122190128671305,-0.44976249415613223,-0.24220140541959104
